1 1 2 6 4 5
2 1 17 21 19 20
3 1 32 36 34 35
4 1 47 51 49 50
5 1 62 66 64 65
6 1 77 81 79 80
7 1 92 96 94 95
8 1 107 111 109 110
9 1 122 126 124 125
10 1 137 141 139 140
11 1 152 156 154 155
12 1 167 171 169 170
13 1 182 186 184 185
14 1 197 201 199 200
15 1 212 216 214 215
16 1 227 231 229 230
17 1 242 246 244 245
18 1 257 261 259 260
19 1 272 276 274 275
20 1 287 291 289 290
21 1 302 306 304 305
22 1 317 321 319 320
23 1 332 336 334 335
24 1 347 351 349 350
25 1 362 366 364 365
26 1 377 381 379 380
27 1 392 396 394 395
28 1 407 411 409 410
29 1 422 426 424 425
30 1 437 441 439 440
31 1 452 456 454 455
32 1 467 471 469 470
33 1 482 486 484 485
34 1 497 501 499 500
35 1 512 516 514 515
36 1 527 531 529 530
37 1 542 546 544 545
38 1 557 561 559 560
39 1 572 576 574 575
40 1 587 591 589 590
41 1 602 606 604 605
42 1 617 621 619 620
43 1 632 636 634 635
44 1 647 651 649 650
45 1 662 666 664 665
46 1 677 681 679 680
47 1 692 696 694 695
48 1 707 711 709 710
49 1 5 2 4 6
50 1 20 17 19 21
51 1 35 32 34 36
52 1 50 47 49 51
53 1 65 62 64 66
54 1 80 77 79 81
55 1 95 92 94 96
56 1 110 107 109 111
57 1 125 122 124 126
58 1 140 137 139 141
59 1 155 152 154 156
60 1 170 167 169 171
61 1 185 182 184 186
62 1 200 197 199 201
63 1 215 212 214 216
64 1 230 227 229 231
65 1 245 242 244 246
66 1 260 257 259 261
67 1 275 272 274 276
68 1 290 287 289 291
69 1 305 302 304 306
70 1 320 317 319 321
71 1 335 332 334 336
72 1 350 347 349 351
73 1 365 362 364 366
74 1 380 377 379 381
75 1 395 392 394 396
76 1 410 407 409 411
77 1 425 422 424 426
78 1 440 437 439 441
79 1 455 452 454 456
80 1 470 467 469 471
81 1 485 482 484 486
82 1 500 497 499 501
83 1 515 512 514 516
84 1 530 527 529 531
85 1 545 542 544 546
86 1 560 557 559 561
87 1 575 572 574 576
88 1 590 587 589 591
89 1 605 602 604 606
90 1 620 617 619 621
91 1 635 632 634 636
92 1 650 647 649 651
93 1 665 662 664 666
94 1 680 677 679 681
95 1 695 692 694 696
96 1 710 707 709 711
97 1 722 726 724 725
98 1 737 741 739 740
99 1 725 722 724 726
100 1 740 737 739 741
