# PC molecule
13 atoms
13 bonds
22 angles
25 dihedrals
2 impropers

Coords

13 0.7473157178256891 -1.375989493387245 -1.7698655315721672
10 -2.0530453026999167 -0.19878634135093742 -1.0208057315700056
3 0.9591568702503226 -0.32435690075425505 -0.8030944911581379
4 0.6506069535200831 -0.8249190985003478 0.48663555258112146
6 -0.10830235156051105 -0.10985148551811008 2.3557312522108447
11 0.3594406054458372 1.7658701897144171 -1.1783843603399178
12 2.0019138064596262 0.04442324039541212 -0.8289925398415798
9 -2.093315442495843 1.4909620819323992 -1.5180428719970773 
2 -0.06388898839609469 0.8371107655925609 -0.8317573969221379
1 -1.4684137349775614 0.5811270821656409 -1.4757964114544126 
8 -1.3748297276212496 0.3645422747862903 -2.535392733228388 
7 -0.2471183385598792 1.1051754593988123 0.5014087206689317 
5 0.08839232469727643 0.0637478738970847 1.1853311312282777 

Charges

13 0.794
10 0.06
3 0.21
4 -0.45
6 -0.5
11 0.03
12 0.03
9 0.06
2 0.16
1 -0.1
8 0.06
7 -0.45
5 0.86

Types

13 728
10 720
3 715
4 714
6 712
11 719
12 718
9 720
2 716
1 616
8 720
7 714
5 713

Bonds

1 119 3 4
2 125 3 12
3 122 3 13
4 41 4 5
5 113 2 3
6 119 2 7
7 125 2 11
8 113 1 2
9 125 1 8
10 125 1 9
11 125 1 10
12 34 5 6
13 41 5 7

Angles

1 205 2 3 4
2 210 4 3 13
3 213 2 3 13
4 228 4 3 12
5 230 12 3 13
6 232 2 3 12
7 398 3 4 5
8 199 1 2 3
9 205 1 2 7
10 205 3 2 7
11 228 7 2 11
12 232 1 2 11
13 232 3 2 11
14 220 8 1 9
15 220 8 1 10
16 220 9 1 10
17 232 2 1 8
18 232 2 1 9
19 232 2 1 10
20 398 2 7 5
21 53 4 5 6
22 53 6 5 7

Dihedrals

1 214 4 3 2 7
2 215 4 3 2 11
3 265 2 3 4 5
4 68 3 4 5 6
5 269 5 4 3 12
6 176 7 2 3 13
7 202 1 2 3 13
8 203 1 2 3 12
9 203 3 2 1 8
10 203 3 2 1 9
11 203 3 2 1 10
12 215 7 2 1 8
13 215 7 2 1 9
14 215 7 2 1 10
15 215 7 2 3 12
16 222 11 2 3 13
17 225 11 2 3 12
18 265 1 2 7 5
19 265 3 2 7 5
20 799 1 2 3 4
21 225 8 1 2 11
22 225 9 1 2 11
23 225 10 1 2 11
24 68 2 7 5 6
25 269 5 7 2 11

Impropers

1 1 6 4 5 7
2 1 4 7 5 6