# EP molecule
17 atoms
16 bonds
28 angles
29 dihedrals
2 impropers

Coords

3 -0.6310317368538616 -0.4420688722454553 -0.47944913748596285
12 -0.804783215209536 -2.4601910658646666 -0.11889330859657399
4 -1.413634115476695 -0.0454593310928999 -1.3361947267071397
1 -0.417403989166111 -1.5884185273648086 1.9853591434482016
9 -0.41284155089917185 -0.6826776759929025 2.428019429537219
8 0.6491859756175415 -1.8038386008822282 1.9519602715786153
10 -0.9549160596480206 -2.3736271421054127 2.5533975887754305
11 -2.1428913250783044 -1.4586402060667556 0.4404632178125514
2 -1.0029192706044459 -1.5788075485729802 0.4741600157477741
14 0.9096830832081757 1.4204055075512798 -1.7868527941997758
7 2.226121464827351 1.9521968420773383 -0.2197716337369915
6 0.7786587465319279 1.5521901939154201 -0.7052546493390341
17 2.6562350608865213 2.8486816426038377 -0.691022171343425
13 0.13704652626605096 2.4215459583820103 -0.45322898921721233
5 0.45660030678107866 0.31813118076255087 -0.07515555885048997
16 2.870135612279448 1.0901108653202147 -0.2995814162925772
15 2.204787030166809 2.1558015223885665 0.888497962207099

Charges

3 0.51
12 0.06
4 -0.43
1 -0.18
9 0.06
8 0.06
10 0.06
11 0.06
2 -0.12
14 0.03
7 -0.18
6 0.19
17 0.06
13 0.03
5 -0.33
16 0.06
15 0.06

Types

3 406
12 85
4 407
1 80
9 85
8 85
10 85
11 85
2 81
14 410
7 80
6 431
17 85
13 410
5 408
16 85
15 85

Bonds

1 34 3 4
2 41 3 5
3 113 1 2
4 125 1 8
5 125 1 9
6 125 1 10
7 39 2 3
8 125 2 11
9 125 2 12
10 125 7 15
11 125 7 16
12 125 7 17
13 113 6 7
14 125 6 13
15 125 6 14
16 119 5 6

Angles

1 50 2 3 4
2 52 2 3 5
3 53 4 3 5
4 220 8 1 9
5 220 8 1 10
6 220 9 1 10
7 232 2 1 8
8 232 2 1 9
9 232 2 1 10
10 200 1 2 3
11 220 11 2 12
12 224 3 2 11
13 224 3 2 12
14 232 1 2 11
15 232 1 2 12
16 220 15 7 16
17 220 15 7 17
18 220 16 7 17
19 232 6 7 15
20 232 6 7 16
21 232 6 7 17
22 205 5 6 7
23 220 13 6 14
24 228 5 6 13
25 228 5 6 14
26 232 7 6 13
27 232 7 6 14
28 398 3 5 6

Dihedrals

1 44 4 3 2 11
2 44 4 3 2 12
3 52 5 3 2 11
4 52 5 3 2 12
5 68 4 3 5 6
6 70 2 3 5 6
7 225 8 1 2 11
8 225 8 1 2 12
9 225 9 1 2 11
10 225 9 1 2 12
11 225 10 1 2 11
12 225 10 1 2 12
13 40 1 2 3 4
14 51 1 2 3 5
15 187 3 2 1 8
16 187 3 2 1 9
17 187 3 2 1 10
18 215 5 6 7 15
19 215 5 6 7 16
20 215 5 6 7 17
21 225 13 6 7 15
22 225 13 6 7 16
23 225 13 6 7 17
24 225 14 6 7 15
25 225 14 6 7 16
26 225 14 6 7 17
27 265 3 5 6 7
28 269 3 5 6 13
29 269 3 5 6 14

Impropers

1 1 4 2 3 5
2 1 2 5 3 4
