# LiPF6 molecule
8 atoms
6 bonds
15 angles
0 dihedrals
0 impropers

Coords

1 2.2990 0.7500 0.0000
2 1.0000 0.0000 0.0000
3 2.2990 -0.7500 0.0000
4 3.5981 0.0000 0.0000
5 2.2990 2.2500 0.0000
6 3.5981 1.5000 0.0000
7 1.0000 1.5000 0.0000
8 0.0000 0.0000 0.0000

Charges

1 1.34
2 -0.39
3 -0.39
4 -0.39
5 -0.39
6 -0.39
7 -0.39
8 1

Types

1 1
2 2
3 2
4 2
5 2
6 2
7 2
8 3

Bonds

1 1 1 2
2 1 1 3
3 1 1 4
4 1 1 5
5 1 1 6
6 1 1 7

Angles

1 2 2 1 5
2 2 3 1 6
3 2 4 1 7
4 1 2 1 3
5 1 2 1 4
6 1 2 1 6
7 1 2 1 7
8 1 5 1 3
9 1 5 1 4
10 1 5 1 6
11 1 5 1 7
12 1 3 1 4
13 1 4 1 6
14 1 6 1 7
15 1 7 1 3
