# DMC molecule
12 atoms
11 bonds
16 angles
8 dihedrals
2 impropers

Coords

7 2.2240926398543275 -2.0724365103696294 -1.0824194208315925
1 1.2282598618045255 -1.608055445921182 -1.1827389866902467
2 1.0339005629342242 -0.7931398178866289 -0.08000352606951866
9 1.1002141549279334 -1.162974314336128 -2.14079728606997
8 0.46304532461141346 -2.4340687084017056 -1.0941470506690956
4 -0.9136770897793061 -0.01405909675749939 -0.943935441148688
3 -0.08562117944515624 0.03208717939679495 -0.07920532932793778
12 -1.9777675400179644 0.9321439192239449 1.3706421192005527
5 -0.05838173330740215 0.8490072466573064 1.0589974006980132
6 -1.1831916049482278 1.6289941955876275 1.2822583747585181
10 -1.041432193812529 2.203696817469824 2.1608403077387175
11 -1.296011800010466 2.2393036497307115 0.4596385838789039

Charges

7 0.06 
1 -0.1 
2 -0.45 
9 0.06 
8 0.06 
4 -0.5 
3 0.86 
12 0.06 
5 -0.45 
6 -0.1 
10 0.06 
11 0.06

Types

7 720 
1 717 
2 714 
9 720  
8 720 
4 712 
3 713 
12 720
5 714 
6 717 
10 720
11 720

Bonds

1 119 1 2
2 125 1 7
3 125 1 8
4 125 1 9
5 41 2 3
6 34 3 4
7 41 3 5
8 119 5 6
9 125 6 10
10 125 6 11
11 125 6 12

Angles

1 220 7 1 8
2 220 7 1 9
3 220 8 1 9
4 228 2 1 7
5 228 2 1 8
6 228 2 1 9
7 398 1 2 3
8 53 2 3 4
9 53 4 3 5
10 398 3 5 6
11 220 10 6 11
12 220 10 6 12
13 220 11 6 12
14 228 5 6 10
15 228 5 6 11
16 228 5 6 12

Dihedrals

1 68 1 2 3 4
2 269 3 2 1 7
3 269 3 2 1 8
4 269 3 2 1 9
5 68 4 3 5 6
6 269 3 5 6 10
7 269 3 5 6 11
8 269 3 5 6 12

Impropers

1 1 4 2 3 5
2 1 2 5 3 4